%YAML:1.0
    oneVect: !!opencv-matrix
       rows: 1
       cols:6
       dt: f
       data: [0,0,0,0,0,0]

    someVects: !!opencv-matrix
       rows: 37
       cols: 6
       dt: f
       data: [-0.117385, 0.060881, -0.159590, -0.037922, -0.039383, -0.004600,-0.117385, 0.060881, -0.133349, -0.043232, -0.044248, -0.011380,-0.117385, 0.067809, -0.159590, -0.048391, -0.045646, 0.003117,-0.117385, 0.067809, -0.133349, -0.028003, -0.028202, -0.015989,-0.117385, 0.067809, -0.107108, -0.030307, -0.033056, -0.028737,-0.117385, 0.067809, -0.080868, -0.038113, -0.038324, -0.025250,-0.117385, 0.074738, -0.159590, -0.049154, -0.044571, 0.001104,-0.117385, 0.074738, -0.133349, -0.038275, -0.046559, -0.006021,-0.117385, 0.074738, -0.107108, -0.038679, -0.048575, -0.023999,-0.117385, 0.074738, -0.080868, -0.044934, -0.046457, -0.032976,-0.117385, 0.081666, -0.133349, -0.031152, -0.048039, -0.011278,-0.117385, 0.081666, -0.107108, -0.040068, -0.045068, -0.017582,-0.117385, 0.081666, -0.080868, -0.049368, -0.049442, -0.037855,-0.099300, 0.060881, -0.159590, -0.045320, -0.018428, -0.000951,-0.099300, 0.067809, -0.159590, -0.049134, -0.026653, 0.003565,-0.099300, 0.067809, -0.133349, -0.037486, -0.003053, -0.018111,-0.099300, 0.067809, -0.107108, -0.040486, -0.013806, -0.015564,-0.099300, 0.074738, -0.159590, -0.048698, -0.021851, 0.005651,-0.099300, 0.074738, -0.133349, -0.046042, -0.036115, -0.003183,-0.099300, 0.074738, -0.107108, -0.038649, -0.005220, -0.018738,-0.099300, 0.074738, -0.080868, -0.041345, -0.000831, -0.011454,-0.099300, 0.081666, -0.159590, -0.048415, -0.026166, 0.003405,-0.099300, 0.081666, -0.133349, -0.051728, -0.044652, -0.006267,-0.099300, 0.081666, -0.107108, -0.049149, -0.020369, -0.010134,-0.099300, 0.081666, -0.080868, -0.051127, -0.015473, -0.016238,-0.081214, 0.067809, -0.133349, -0.041572, 0.011044, -0.004807,-0.081214, 0.067809, -0.107108, -0.035062, 0.012860, 0.011992,-0.081214, 0.074738, -0.133349, -0.046336, 0.008407, -0.009325,-0.081214, 0.074738, -0.107108, -0.039022, 0.032602, -0.010130,-0.081214, 0.074738, -0.080868, -0.035087, 0.029023, 0.004941,-0.081214, 0.081666, -0.133349, -0.047916, -0.005022, -0.002225,-0.081214, 0.081666, -0.107108, -0.043619, 0.029977, -0.004107,-0.081214, 0.081666, -0.080868, -0.040321, 0.035166, 0.010937,-0.063128, 0.074738, -0.107108, -0.041694, 0.045120, -0.007588,-0.063128, 0.074738, -0.080868, -0.031952, 0.046820, 0.011634,-0.063128, 0.081666, -0.107108, -0.041395, 0.052934, -0.000977,-0.063128, 0.081666, -0.080868, -0.034090, 0.055148, 0.017962]
