%YAML:1.0
aruco_bc_nmarkers: 15
aruco_bc_mInfoType: 0
aruco_bc_markers:
   - { id:648, corners:[ [ -170., -290., 0. ], [ -70., -290., 0. ], [
       -70., -190., 0. ], [ -170., -190., 0. ] ] }
   - { id:106, corners:[ [ -50., -290., 0. ], [ 50., -290., 0. ], [ 50.,
       -190., 0. ], [ -50., -190., 0. ] ] }
   - { id:855, corners:[ [ 70., -290., 0. ], [ 170., -290., 0. ], [ 170.,
       -190., 0. ], [ 70., -190., 0. ] ] }
   - { id:30, corners:[ [ -170., -170., 0. ], [ -70., -170., 0. ], [
       -70., -70., 0. ], [ -170., -70., 0. ] ] }
   - { id:362, corners:[ [ -50., -170., 0. ], [ 50., -170., 0. ], [ 50.,
       -70., 0. ], [ -50., -70., 0. ] ] }
   - { id:942, corners:[ [ 70., -170., 0. ], [ 170., -170., 0. ], [ 170.,
       -70., 0. ], [ 70., -70., 0. ] ] }
   - { id:983, corners:[ [ -170., -50., 0. ], [ -70., -50., 0. ], [ -70.,
       50., 0. ], [ -170., 50., 0. ] ] }
   - { id:959, corners:[ [ -50., -50., 0. ], [ 50., -50., 0. ], [ 50.,
       50., 0. ], [ -50., 50., 0. ] ] }
   - { id:518, corners:[ [ 70., -50., 0. ], [ 170., -50., 0. ], [ 170.,
       50., 0. ], [ 70., 50., 0. ] ] }
   - { id:643, corners:[ [ -170., 70., 0. ], [ -70., 70., 0. ], [ -70.,
       170., 0. ], [ -170., 170., 0. ] ] }
   - { id:138, corners:[ [ -50., 70., 0. ], [ 50., 70., 0. ], [ 50.,
       170., 0. ], [ -50., 170., 0. ] ] }
   - { id:729, corners:[ [ 70., 70., 0. ], [ 170., 70., 0. ], [ 170.,
       170., 0. ], [ 70., 170., 0. ] ] }
   - { id:580, corners:[ [ -170., 190., 0. ], [ -70., 190., 0. ], [ -70.,
       290., 0. ], [ -170., 290., 0. ] ] }
   - { id:431, corners:[ [ -50., 190., 0. ], [ 50., 190., 0. ], [ 50.,
       290., 0. ], [ -50., 290., 0. ] ] }
   - { id:907, corners:[ [ 70., 190., 0. ], [ 170., 190., 0. ], [ 170.,
       290., 0. ], [ 70., 290., 0. ] ] }
