%YAML:1.0
    oneVec: !!opencv-matrix
       rows: 187
       cols: 6
       dt: f
       data: [-2.000000, -1.000000, -0.013476, 0.066363, 0.029121, 0.997371,-2.000000, -0.800000, -0.019315, 0.095386, 0.030051, 0.994987,-2.000000, -0.600000, -0.025557, 0.124438, 0.029505, 0.991789,-2.000000, -0.400000, -0.031215, 0.150284, 0.023815, 0.988356,-2.000000, -0.200000, -0.035195, 0.168191, 0.013346, 0.985664,-2.000000, 0.000000, -0.036631, 0.174599, 0.000000, 0.984640,-2.000000, 0.200000, -0.035195, 0.168191, -0.013346, 0.985664,-2.000000, 0.400000, -0.031215, 0.150284, -0.023815, 0.988356,-2.000000, 0.600000, -0.025557, 0.124438, -0.029505, 0.991789,-2.000000, 0.800000, -0.019315, 0.095386, -0.030051, 0.994987,-2.000000, 1.000000, -0.013476, 0.066363, -0.029121, 0.997371,-1.750000, -1.000000, -0.030110, 0.088792, 0.070960, 0.993519,-1.750000, -0.800000, -0.043158, 0.127368, 0.073079, 0.989160,-1.750000, -0.600000, -0.057104, 0.165754, 0.071576, 0.983566,-1.750000, -0.400000, -0.069747, 0.199769, 0.057654, 0.978145,-1.750000, -0.200000, -0.078639, 0.223284, 0.032268, 0.974219,-1.750000, 0.000000, -0.081849, 0.231691, 0.000000, 0.972789,-1.750000, 0.200000, -0.078639, 0.223284, -0.032268, 0.974219,-1.750000, 0.400000, -0.069747, 0.199769, -0.057654, 0.978145,-1.750000, 0.600000, -0.057104, 0.165754, -0.071576, 0.983566,-1.750000, 0.800000, -0.043158, 0.127368, -0.073079, 0.989160,-1.750000, 1.000000, -0.030110, 0.088792, -0.070960, 0.993519,-1.500000, -1.000000, -0.058161, 0.130306, 0.129293, 0.983007,-1.500000, -0.800000, -0.083364, 0.185944, 0.132461, 0.973591,-1.500000, -0.600000, -0.110302, 0.240476, 0.128928, 0.962054,-1.500000, -0.400000, -0.134723, 0.288364, 0.103326, 0.951929,-1.500000, -0.200000, -0.151900, 0.321323, 0.057654, 0.945213,-1.500000, 0.000000, -0.158099, 0.333093, 0.000000, 0.942894,-1.500000, 0.200000, -0.151900, 0.321323, -0.057654, 0.945213,-1.500000, 0.400000, -0.134723, 0.288364, -0.103326, 0.951929,-1.500000, 0.600000, -0.110302, 0.240476, -0.128928, 0.962054,-1.500000, 0.800000, -0.083364, 0.185944, -0.132461, 0.973591,-1.500000, 1.000000, -0.058161, 0.130306, -0.129293, 0.983007,-1.250000, -1.000000, -0.096390, 0.149381, 0.202498, 0.967822,-1.250000, -0.800000, -0.138158, 0.212391, 0.206707, 0.955072,-1.250000, -0.600000, -0.182801, 0.273776, 0.200534, 0.940655,-1.250000, -0.400000, -0.223274, 0.328311, 0.160720, 0.930796,-1.250000, -0.200000, -0.251741, 0.366554, 0.089856, 0.926047,-1.250000, 0.000000, -0.262014, 0.380410, 0.000000, 0.924818,-1.250000, 0.200000, -0.251741, 0.366554, -0.089856, 0.926047,-1.250000, 0.400000, -0.223274, 0.328311, -0.160720, 0.930796,-1.250000, 0.600000, -0.182801, 0.273776, -0.200534, 0.940655,-1.250000, 0.800000, -0.138158, 0.212391, -0.206707, 0.955072,-1.250000, 1.000000, -0.096390, 0.149381, -0.202498, 0.967822,-1.000000, -1.000000, -0.135335, 0.116218, 0.271324, 0.955446,-1.000000, -0.800000, -0.193980, 0.165821, 0.277938, 0.946178,-1.000000, -0.600000, -0.256661, 0.215170, 0.271432, 0.938097,-1.000000, -0.400000, -0.313486, 0.261239, 0.220248, 0.939811,-1.000000, -0.200000, -0.353455, 0.295463, 0.124738, 0.947176,-1.000000, 0.000000, -0.367879, 0.308366, 0.000000, 0.951268,-1.000000, 0.200000, -0.353455, 0.295463, -0.124738, 0.947176,-1.000000, 0.400000, -0.313486, 0.261239, -0.220248, 0.939811,-1.000000, 0.600000, -0.256661, 0.215170, -0.271432, 0.938097,-1.000000, 0.800000, -0.193980, 0.165821, -0.277938, 0.946178,-1.000000, 1.000000, -0.135335, 0.116218, -0.271324, 0.955446,-0.750000, -1.000000, -0.157209, 0.015074, 0.305784, 0.951982,-0.750000, -0.800000, -0.225332, 0.021645, 0.315238, 0.948766,-0.750000, -0.600000, -0.298143, 0.028366, 0.310919, 0.950013,-0.750000, -0.400000, -0.364153, 0.034955, 0.256073, 0.966025,-0.750000, -0.200000, -0.410581, 0.040132, 0.147217, 0.988290,-0.750000, 0.000000, -0.427337, 0.042161, -0.000000, 0.999111,-0.750000, 0.200000, -0.410581, 0.040132, -0.147217, 0.988290,-0.750000, 0.400000, -0.364153, 0.034955, -0.256073, 0.966025,-0.750000, 0.600000, -0.298143, 0.028366, -0.310919, 0.950013,-0.750000, 0.800000, -0.225332, 0.021645, -0.315238, 0.948766,-0.750000, 1.000000, -0.157209, 0.015074, -0.305784, 0.951982,-0.500000, -1.000000, -0.143252, -0.134877, 0.273467, 0.952378,-0.500000, -0.800000, -0.205328, -0.191963, 0.279432, 0.940781,-0.500000, -0.600000, -0.271675, -0.248281, 0.272004, 0.929715,-0.500000, -0.400000, -0.331825, -0.300375, 0.219932, 0.928119,-0.500000, -0.200000, -0.374132, -0.338730, 0.124194, 0.932651,-0.500000, 0.000000, -0.389400, -0.353108, -0.000000, 0.935583,-0.500000, 0.200000, -0.374132, -0.338730, -0.124194, 0.932651,-0.500000, 0.400000, -0.331825, -0.300375, -0.219932, 0.928119,-0.500000, 0.600000, -0.271675, -0.248281, -0.272004, 0.929715,-0.500000, 0.800000, -0.205328, -0.191963, -0.279432, 0.940781,-0.500000, 1.000000, -0.143252, -0.134877, -0.273467, 0.952378,-0.250000, -1.000000, -0.086398, -0.271768, 0.162386, 0.948564,-0.250000, -0.800000, -0.123836, -0.376550, 0.161535, 0.912204,-0.250000, -0.600000, -0.163852, -0.469820, 0.151687, 0.869632,-0.250000, -0.400000, -0.200129, -0.543980, 0.117379, 0.830848,-0.250000, -0.200000, -0.225645, -0.590895, 0.063847, 0.804218,-0.250000, 0.000000, -0.234853, -0.606861, -0.000000, 0.794808,-0.250000, 0.200000, -0.225645, -0.590895, -0.063847, 0.804218,-0.250000, 0.400000, -0.200129, -0.543980, -0.117379, 0.830848,-0.250000, 0.600000, -0.163852, -0.469820, -0.151687, 0.869632,-0.250000, 0.800000, -0.123836, -0.376550, -0.161535, 0.912204,-0.250000, 1.000000, -0.086398, -0.271768, -0.162386, 0.948564,0.000000, -1.000000, 0.000000, -0.326635, 0.000000, 0.945150,0.000000, -0.800000, 0.000000, -0.445725, 0.000000, 0.895170,0.000000, -0.600000, 0.000000, -0.545971, 0.000000, 0.837804,0.000000, -0.400000, 0.000000, -0.619780, 0.000000, 0.784776,0.000000, -0.200000, 0.000000, -0.663269, 0.000000, 0.748381,0.000000, 0.000000, 0.000000, -0.677453, 0.000000, 0.735566,0.000000, 0.200000, 0.000000, -0.663269, 0.000000, 0.748381,0.000000, 0.400000, 0.000000, -0.619780, 0.000000, 0.784776,0.000000, 0.600000, 0.000000, -0.545971, 0.000000, 0.837804,0.000000, 0.800000, 0.000000, -0.445725, 0.000000, 0.895170,0.000000, 1.000000, 0.000000, -0.326635, 0.000000, 0.945150,0.250000, -1.000000, 0.086398, -0.271768, -0.162386, 0.948564,0.250000, -0.800000, 0.123836, -0.376550, -0.161535, 0.912204,0.250000, -0.600000, 0.163852, -0.469820, -0.151687, 0.869632,0.250000, -0.400000, 0.200129, -0.543980, -0.117379, 0.830848,0.250000, -0.200000, 0.225645, -0.590895, -0.063847, 0.804218,0.250000, 0.000000, 0.234853, -0.606861, 0.000000, 0.794808,0.250000, 0.200000, 0.225645, -0.590895, 0.063847, 0.804218,0.250000, 0.400000, 0.200129, -0.543980, 0.117379, 0.830848,0.250000, 0.600000, 0.163852, -0.469820, 0.151687, 0.869632,0.250000, 0.800000, 0.123836, -0.376550, 0.161535, 0.912204,0.250000, 1.000000, 0.086398, -0.271768, 0.162386, 0.948564,0.500000, -1.000000, 0.143252, -0.134877, -0.273467, 0.952378,0.500000, -0.800000, 0.205328, -0.191963, -0.279432, 0.940781,0.500000, -0.600000, 0.271675, -0.248281, -0.272004, 0.929715,0.500000, -0.400000, 0.331825, -0.300375, -0.219932, 0.928119,0.500000, -0.200000, 0.374132, -0.338730, -0.124194, 0.932651,0.500000, 0.000000, 0.389400, -0.353108, 0.000000, 0.935583,0.500000, 0.200000, 0.374132, -0.338730, 0.124194, 0.932651,0.500000, 0.400000, 0.331825, -0.300375, 0.219932, 0.928119,0.500000, 0.600000, 0.271675, -0.248281, 0.272004, 0.929715,0.500000, 0.800000, 0.205328, -0.191963, 0.279432, 0.940781,0.500000, 1.000000, 0.143252, -0.134877, 0.273467, 0.952378,0.750000, -1.000000, 0.157209, 0.015074, -0.305784, 0.951982,0.750000, -0.800000, 0.225332, 0.021645, -0.315238, 0.948766,0.750000, -0.600000, 0.298143, 0.028366, -0.310919, 0.950013,0.750000, -0.400000, 0.364153, 0.034955, -0.256073, 0.966025,0.750000, -0.200000, 0.410581, 0.040132, -0.147217, 0.988290,0.750000, 0.000000, 0.427337, 0.042161, 0.000000, 0.999111,0.750000, 0.200000, 0.410581, 0.040132, 0.147217, 0.988290,