%YAML:1.0
    oneVect: !!opencv-matrix
       rows: 1
       cols:6
       dt: f
       data: [0,0,0,0,0,0]

    someVects: !!opencv-matrix
       rows: 82
       cols: 6
       dt: f
       data: [-0.312275, 0.111015, -0.006009, -0.048000, -0.048000, -0.048000,-0.305542, 0.129978, 0.017355, -0.048000, -0.048000, -0.048000,-0.300270, 0.132155, 0.020900, -0.048000, -0.048000, -0.048000,-0.302090, 0.129923, 0.021445, -0.048000, -0.048000, -0.048000,-0.314244, 0.119544, 0.014742, -0.048000, -0.048000, -0.048000,-0.300202, 0.125102, 0.054296, -0.048000, -0.048000, -0.048000,-0.301532, 0.120229, 0.052783, -0.048000, -0.048000, -0.048000,-0.300553, 0.120975, 0.053465, -0.048000, -0.048000, -0.048000,-0.295025, 0.129612, 0.053158, -0.048000, -0.048000, -0.048000,-0.297242, 0.137739, 0.052088, -0.048000, -0.048000, -0.048000,-0.297962, 0.146093, 0.050915, -0.048000, -0.048000, -0.048000,-0.300518, 0.152027, 0.050906, -0.048000, -0.048000, -0.048000,-0.301089, 0.158521, 0.050613, -0.048000, -0.048000, -0.048000,-0.299693, 0.164371, 0.051591, -0.048000, -0.048000, -0.048000,-0.298507, 0.168513, 0.051965, -0.048000, -0.048000, -0.048000,-0.298216, 0.178056, 0.052882, -0.048000, -0.048000, -0.048000,-0.295644, 0.193488, 0.055019, -0.048000, -0.048000, -0.048000,-0.292987, 0.203074, 0.054073, -0.048000, -0.048000, -0.048000,-0.277864, 0.243971, 0.056069, -0.048000, -0.048000, -0.048000,-0.273082, 0.248414, 0.053330, -0.048000, -0.048000, -0.048000,-0.266804, 0.250026, 0.050600, -0.048000, -0.048000, -0.048000,-0.261350, 0.251082, 0.045370, -0.048000, -0.048000, -0.048000,-0.258858, 0.246841, 0.040897, -0.048000, -0.048000, -0.048000,-0.255810, 0.249126, 0.042498, -0.048000, -0.048000, -0.048000,-0.249597, 0.251617, 0.043978, -0.048000, -0.048000, -0.048000,-0.243560, 0.251332, 0.041800, -0.048000, -0.048000, -0.048000,-0.237000, 0.251185, 0.040650, -0.048000, -0.048000, -0.048000,-0.229568, 0.252141, 0.039227, -0.048000, -0.048000, -0.048000,-0.222738, 0.255043, 0.039897, -0.048000, -0.048000, -0.048000,-0.216221, 0.253827, 0.038368, -0.048000, -0.048000, -0.048000,-0.210659, 0.250104, 0.033330, -0.048000, -0.048000, -0.048000,-0.204045, 0.251075, 0.032291, -0.048000, -0.048000, -0.048000,-0.200041, 0.247626, 0.029129, -0.048000, -0.048000, -0.048000,-0.192991, 0.245875, 0.027314, -0.048000, -0.048000, -0.048000,-0.180962, 0.247254, 0.026304, -0.048000, -0.048000, -0.048000,-0.172770, 0.250413, 0.027047, -0.048000, -0.048000, -0.048000,-0.168762, 0.251154, 0.026068, -0.048000, -0.048000, -0.048000,-0.160060, 0.248643, 0.022841, -0.048000, -0.048000, -0.048000,-0.145318, 0.249561, 0.020030, -0.048000, -0.048000, -0.048000,-0.140163, 0.250399, 0.018735, -0.048000, -0.048000, -0.048000,-0.135815, 0.245913, 0.014425, -0.048000, -0.048000, -0.048000,-0.130517, 0.240546, 0.010757, -0.048000, -0.048000, -0.048000,-0.103962, 0.203618, 0.006475, -0.048000, -0.048000, -0.048000,-0.101414, 0.194896, 0.006446, -0.048000, -0.048000, -0.048000,-0.094218, 0.183006, 0.006481, -0.048000, -0.048000, -0.048000,-0.091723, 0.174894, 0.005549, -0.048000, -0.048000, -0.048000,-0.091129, 0.188696, 0.017944, -0.048000, -0.048000, -0.048000,-0.096340, 0.172260, 0.011153, -0.048000, -0.048000, -0.048000,-0.095828, 0.178411, 0.028023, -0.048000, -0.048000, -0.048000,-0.096397, 0.167995, 0.033072, -0.048000, -0.048000, -0.048000,-0.099441, 0.162978, 0.040033, -0.048000, -0.048000, -0.048000,-0.098000, 0.151769, 0.037979, -0.048000, -0.048000, -0.048000,-0.095672, 0.148699, 0.038933, -0.048000, -0.048000, -0.048000,-0.095728, 0.146753, 0.041508, -0.048000, -0.048000, -0.048000,-0.098243, 0.123012, 0.045016, -0.048000, -0.048000, -0.048000,-0.100919, 0.122994, 0.049537, -0.048000, -0.048000, -0.048000,-0.099364, 0.111895, 0.049608, -0.048000, -0.048000, -0.048000,-0.100772, 0.104320, 0.051875, -0.048000, -0.048000, -0.048000,-0.097733, 0.090238, 0.051905, -0.048000, -0.048000, -0.048000,-0.096267, 0.075413, 0.048532, -0.048000, -0.048000, -0.048000,-0.102718, 0.084588, 0.062869, -0.048000, -0.048000, -0.048000,-0.180328, 0.072869, 0.104706, -0.048000, -0.048000, -0.048000,-0.182043, 0.076548, 0.111263, -0.048000, -0.048000, -0.048000,-0.187023, 0.077740, 0.113814, -0.048000, -0.048000, -0.048000,-0.191291, 0.079937, 0.117444, -0.048000, -0.048000, -0.048000,-0.197091, 0.078581, 0.116177, -0.048000, -0.048000, -0.048000,-0.202783, 0.078486, 0.112197, -0.048000, -0.048000, -0.048000,-0.207808, 0.083329, 0.108551, -0.048000, -0.048000, -0.048000,-0.215661, 0.087530, 0.102074, -0.048000, -0.048000, -0.048000,-0.242589, 0.081664, 0.089950, -0.048000, -0.048000, -0.048000,-0.250005, 0.083050, 0.090909, -0.048000, -0.048000, -0.048000,-0.259688, 0.084329, 0.090329, -0.048000, -0.048000, -0.048000,-0.263477, 0.088100, 0.090021, -0.048000, -0.048000, -0.048000,-0.275218, 0.098542, 0.088930, -0.048000, -0.048000, -0.048000,-0.281289, 0.100114, 0.083047, -0.048000, -0.048000, -0.048000,-0.286385, 0.104613, 0.078231, -0.048000, -0.048000, -0.048000,-0.290586, 0.109754, 0.072469, -0.048000, -0.048000, -0.048000,-0.294450, 0.113200, 0.072096, -0.048000, -0.048000, -0.048000,-0.296867, 0.121663, 0.070849, -0.048000, -0.048000, -0.048000,-0.297139, 0.132083, 0.069641, -0.048000, -0.048000, -0.048000,-0.297012, 0.140065, 0.070093, -0.048000, -0.048000, -0.048000,-0.297093, 0.148138, 0.071027, -0.048000, -0.048000, -0.048000]
