%YAML:1.0
           
    oneVect: !!opencv-matrix
       rows: 1
       cols: 6
       dt: f
       data: [2, 0, 0, 0.5, 1, 0.5]
       
    someVects: !!opencv-matrix
       rows: 7
       cols: 6
       dt: f
       data: [1.000000, 0.000000, 0.000000, 4.000000, 0.000000, 0.000000,2.000000, 0.000000, 0.000000, 1.000000, 0.000000, 0.000000,3.000000, 0.000000, 0.000000, 0.000000, 0.000000, 0.000000,4.000000, 0.000000, 0.000000, 1.000000, 0.000000, 0.000000,5.000000, 0.000000, 0.000000, 4.000000, 0.000000, 0.000000,6.000000, 0.000000, 0.000000, 9.000000, 0.000000, 0.000000,7.000000, 0.000000, 0.000000, 16.000000, 0.000000, 0.000000]
