%YAML:1.0
    oneVect: !!opencv-matrix
       rows: 1
       cols:6
       dt: f
       data: [0,0,0,0,0,0]

    someVects: !!opencv-matrix
       rows: 75
       cols: 6
       dt: f
       data: [0.097914, 0.153228, -0.012474, -0.007100, 0.005742, -0.001222,0.075077, 0.170608, -0.035174, -0.007613, 0.004037, -0.002519,0.082409, 0.165579, -0.040579, -0.007124, 0.005959, -0.001384,0.073816, 0.166787, -0.044772, -0.007740, 0.005360, -0.000796,0.079945, 0.166894, -0.040939, -0.007328, 0.005404, 0.001687,0.084543, 0.161948, -0.043360, -0.007573, 0.006146, 0.002880,0.037095, 0.166304, -0.023588, -0.018436, -0.006168, -0.008992,0.029123, 0.157950, -0.022304, -0.005683, 0.006914, 0.007470,0.018418, 0.151311, -0.018951, -0.004234, 0.006629, 0.007670,0.003231, 0.153145, -0.013769, -0.003285, 0.007364, 0.008437,-0.001686, 0.150080, -0.010793, -0.001694, 0.007949, 0.007569,-0.005121, 0.143604, -0.007956, 0.000186, 0.008101, 0.006600,-0.013689, 0.138515, -0.003267, 0.001679, 0.008173, 0.005357,-0.020793, 0.132375, -0.000117, 0.000869, 0.008120, 0.004621,-0.030762, 0.127385, 0.004837, -0.000360, 0.007753, 0.003503,-0.038954, 0.118722, 0.011242, -0.002873, 0.006571, 0.003109,-0.046678, 0.110196, 0.011981, -0.004874, 0.005322, 0.003175,-0.032691, 0.093430, 0.041553, -0.005725, -0.000990, 0.001272,-0.009104, 0.090329, 0.046283, -0.004869, -0.001675, -0.000019,0.073205, 0.082469, 0.055774, 0.001387, -0.007720, -0.004716,0.085124, 0.109415, 0.028501, 0.000170, -0.000700, -0.006989,0.104630, 0.103113, 0.000267, 0.000129, 0.000764, -0.006491,0.110166, 0.102398, -0.029197, -0.000467, 0.001605, -0.006551,0.123581, 0.108376, -0.049591, -0.002187, 0.002604, -0.006501,0.130087, 0.122250, -0.062399, -0.004471, 0.002581, -0.005621,0.129022, 0.138681, -0.075020, -0.007207, 0.002808, -0.000199,0.113424, 0.153257, -0.096565, -0.006846, 0.002823, 0.002497,0.094754, 0.161836, -0.103883, -0.004854, 0.004183, 0.004508,0.042793, 0.187096, -0.095886, -0.004116, 0.004435, 0.005275,-0.010713, 0.189996, -0.089973, -0.004164, 0.006299, 0.005647,-0.039854, 0.186741, -0.080073, -0.004798, 0.007940, 0.004665,-0.026115, 0.176162, -0.063156, -0.003898, 0.009189, 0.004054,-0.046198, 0.164092, -0.055947, -0.006073, 0.009203, 0.002290,-0.049832, 0.148440, -0.046565, -0.006842, 0.008095, 0.000728,-0.047192, 0.139318, -0.032258, -0.008119, 0.006159, -0.000107,-0.031314, 0.125438, -0.019289, -0.007343, 0.002801, 0.000211,-0.022977, 0.116060, -0.008608, -0.006936, 0.000881, 0.001173,-0.016410, 0.100842, 0.004498, -0.005658, -0.001599, 0.002549,-0.001052, 0.076403, 0.020518, -0.001274, -0.003868, 0.003806,0.010020, 0.068489, 0.028425, 0.001014, -0.003011, 0.003416,0.016974, 0.078436, 0.025361, 0.004314, -0.000580, 0.002861,0.092336, 0.030451, 0.049484, 0.004024, 0.000358, -0.002221,0.119995, 0.048687, 0.016028, 0.000895, 0.003632, -0.004262,0.141836, 0.080817, -0.030089, -0.003008, 0.002792, -0.004303,0.147457, 0.126444, -0.059646, -0.004027, 0.002665, -0.002227,0.165322, 0.136828, -0.099248, -0.003352, 0.000497, -0.001210,0.131962, 0.160228, -0.150383, -0.003125, 0.000504, -0.000030,0.095305, 0.177163, -0.203692, -0.002283, 0.000611, 0.000780,0.057546, 0.177933, -0.210289, -0.002249, 0.001144, 0.002130,0.019997, 0.177161, -0.210199, -0.002463, 0.002073, 0.003132,-0.068072, 0.241523, -0.111405, -0.002632, 0.001770, 0.003992,-0.054383, 0.227079, -0.061333, -0.005128, 0.003367, 0.004390,-0.029295, 0.209335, -0.023550, -0.010678, -0.003216, -0.017648,-0.014782, 0.178882, 0.030728, -0.011633, 0.003967, -0.001999,0.000270, 0.166586, 0.014927, -0.014200, 0.002089, -0.005874,0.011858, 0.152514, 0.005426, -0.016834, 0.002614, -0.009658,0.021699, 0.142093, -0.002095, -0.017703, -0.000274, -0.010541,0.017434, 0.147577, -0.011896, -0.016181, -0.002201, -0.012031,0.018738, 0.140281, -0.026045, -0.011769, -0.004526, -0.012471,0.024280, 0.133505, -0.028932, -0.008564, -0.004052, -0.013595,0.025308, 0.134425, -0.031016, -0.004573, -0.003165, -0.015432,0.025265, 0.137628, -0.028146, -0.000417, -0.000592, -0.013409,0.031281, 0.137678, -0.026534, 0.001630, 0.000153, -0.011104,0.047115, 0.144845, -0.027473, 0.002925, -0.000072, -0.007479,0.065113, 0.140921, -0.031974, 0.002020, -0.000713, -0.003792,0.078766, 0.142138, -0.037887, 0.000885, -0.000274, -0.003850,0.105289, 0.137755, -0.035135, -0.000431, -0.001563, -0.005575,0.134206, 0.111940, -0.023649, -0.008511, -0.000792, -0.003808,0.140233, 0.107128, -0.008337, -0.011301, 0.001586, 0.002409,0.124118, 0.100441, 0.003379, -0.009675, 0.004915, 0.009198,0.075661, 0.115544, 0.014926, -0.007386, 0.005739, 0.012005,-0.006363, 0.116032, 0.005804, 0.002755, 0.006041, 0.008358,-0.023000, 0.111386, 0.002681, 0.003806, 0.005356, 0.006950,-0.039392, 0.107270, 0.001089, 0.003206, 0.004398, 0.005643,-0.057652, 0.110439, -0.005480, 0.002996, 0.004272, 0.005649]
