%YAML:1.0
    oneVect: !!opencv-matrix
       rows: 1
       cols:6
       dt: f
       data: [0,0,0,0,0,0]

    someVects: !!opencv-matrix
       rows: 82
       cols: 6
       dt: f
       data: [-0.312275, 0.111015, -0.006009, -0.016705, -0.005434, 0.006138,-0.305542, 0.129978, 0.017355, -0.016876, -0.004894, 0.007357,-0.300270, 0.132155, 0.020900, -0.017950, -0.005215, 0.004682,-0.302090, 0.129923, 0.021445, -0.018174, -0.004218, 0.003889,-0.314244, 0.119544, 0.014742, -0.018127, -0.002163, 0.005577,-0.300202, 0.125102, 0.054296, -0.021336, -0.002454, -0.000694,-0.301532, 0.120229, 0.052783, -0.019985, -0.002649, 0.000742,-0.300553, 0.120975, 0.053465, -0.019085, -0.003025, 0.001185,-0.295025, 0.129612, 0.053158, -0.017480, -0.004374, 0.000627,-0.297242, 0.137739, 0.052088, -0.016740, -0.005258, 0.000702,-0.297962, 0.146093, 0.050915, -0.016321, -0.006269, 0.000265,-0.300518, 0.152027, 0.050906, -0.015908, -0.006781, -0.000030,-0.301089, 0.158521, 0.050613, -0.014374, -0.007872, -0.000280,-0.299693, 0.164371, 0.051591, -0.012293, -0.008772, -0.000460,-0.298507, 0.168513, 0.051965, -0.009385, -0.009454, -0.000908,-0.298216, 0.178056, 0.052882, -0.007005, -0.008984, -0.001071,-0.295644, 0.193488, 0.055019, -0.004715, -0.008655, -0.001272,-0.292987, 0.203074, 0.054073, -0.003101, -0.008356, -0.001257,-0.277864, 0.243971, 0.056069, 0.001721, -0.007870, -0.001119,-0.273082, 0.248414, 0.053330, 0.002465, -0.007922, -0.001248,-0.266804, 0.250026, 0.050600, 0.003228, -0.008003, -0.001360,-0.261350, 0.251082, 0.045370, 0.004149, -0.007677, -0.001766,-0.258858, 0.246841, 0.040897, 0.005392, -0.007465, -0.001878,-0.255810, 0.249126, 0.042498, 0.006742, -0.006373, -0.002378,-0.249597, 0.251617, 0.043978, 0.007718, -0.005348, -0.002612,-0.243560, 0.251332, 0.041800, 0.008831, -0.004070, -0.002757,-0.237000, 0.251185, 0.040650, 0.009684, -0.002661, -0.003007,-0.229568, 0.252141, 0.039227, 0.009993, -0.001163, -0.003218,-0.222738, 0.255043, 0.039897, 0.009999, 0.000053, -0.003476,-0.216221, 0.253827, 0.038368, 0.010333, 0.001072, -0.003702,-0.210659, 0.250104, 0.033330, 0.009711, 0.003188, -0.003877,-0.204045, 0.251075, 0.032291, 0.008178, 0.005243, -0.003734,-0.200041, 0.247626, 0.029129, 0.007210, 0.006257, -0.003731,-0.192991, 0.245875, 0.027314, 0.006016, 0.007140, -0.003512,-0.180962, 0.247254, 0.026304, 0.004835, 0.007962, -0.003035,-0.172770, 0.250413, 0.027047, 0.003606, 0.008141, -0.002524,-0.168762, 0.251154, 0.026068, 0.002719, 0.008298, -0.001819,-0.160060, 0.248643, 0.022841, 0.002172, 0.008552, -0.001899,-0.145318, 0.249561, 0.020030, 0.001315, 0.009152, -0.001753,-0.140163, 0.250399, 0.018735, 0.000709, 0.008814, -0.001405,-0.135815, 0.245913, 0.014425, 0.000981, 0.007803, -0.001434,-0.130517, 0.240546, 0.010757, 0.000779, 0.007619, -0.001006,-0.103962, 0.203618, 0.006475, -0.001890, 0.009640, -0.000064,-0.101414, 0.194896, 0.006446, -0.003726, 0.011642, -0.002647,-0.094218, 0.183006, 0.006481, -0.001078, 0.014325, 0.000588,-0.091723, 0.174894, 0.005549, -0.000506, 0.016294, 0.000311,-0.091129, 0.188696, 0.017944, -0.004655, 0.018010, 0.005812,-0.096340, 0.172260, 0.011153, -0.006216, 0.018102, 0.006879,-0.095828, 0.178411, 0.028023, -0.008051, 0.016399, 0.007630,-0.096397, 0.167995, 0.033072, -0.008852, 0.015601, 0.007292,-0.099441, 0.162978, 0.040033, -0.009315, 0.014845, 0.008866,-0.098000, 0.151769, 0.037979, -0.010295, 0.014140, 0.008591,-0.095672, 0.148699, 0.038933, -0.010536, 0.013760, 0.009093,-0.095728, 0.146753, 0.041508, -0.010857, 0.013225, 0.009875,-0.098243, 0.123012, 0.045016, -0.011346, 0.011815, 0.013545,-0.100919, 0.122994, 0.049537, -0.010454, 0.011166, 0.014797,-0.099364, 0.111895, 0.049608, -0.010754, 0.011186, 0.015120,-0.100772, 0.104320, 0.051875, -0.009370, 0.010585, 0.018362,-0.097733, 0.090238, 0.051905, -0.007476, 0.011270, 0.021801,-0.096267, 0.075413, 0.048532, -0.004592, 0.010369, 0.024095,-0.102718, 0.084588, 0.062869, 0.001560, 0.007614, 0.026833,-0.180328, 0.072869, 0.104706, 0.021151, -0.003758, 0.007552,-0.182043, 0.076548, 0.111263, 0.022448, -0.003829, 0.006201,-0.187023, 0.077740, 0.113814, 0.023353, -0.004016, 0.004300,-0.191291, 0.079937, 0.117444, 0.025793, -0.003030, 0.002975,-0.197091, 0.078581, 0.116177, 0.028825, -0.003497, -0.000111,-0.202783, 0.078486, 0.112197, 0.030530, -0.004576, -0.006440,-0.207808, 0.083329, 0.108551, 0.031405, -0.006764, -0.015300,-0.215661, 0.087530, 0.102074, 0.027294, -0.005955, -0.020892,-0.242589, 0.081664, 0.089950, 0.001368, -0.002501, -0.026636,-0.250005, 0.083050, 0.090909, -0.002378, -0.001357, -0.024991,-0.259688, 0.084329, 0.090329, -0.006346, -0.000810, -0.022648,-0.263477, 0.088100, 0.090021, -0.008831, -0.000881, -0.020042,-0.275218, 0.098542, 0.088930, -0.013142, -0.001050, -0.016776,-0.281289, 0.100114, 0.083047, -0.013058, -0.001554, -0.013700,-0.286385, 0.104613, 0.078231, -0.013555, -0.001482, -0.012286,-0.290586, 0.109754, 0.072469, -0.013297, -0.002202, -0.011805,-0.294450, 0.113200, 0.072096, -0.013132, -0.002806, -0.011258,-0.296867, 0.121663, 0.070849, -0.012614, -0.003424, -0.010927,-0.297139, 0.132083, 0.069641, -0.011536, -0.005172, -0.011286,-0.297012, 0.140065, 0.070093, -0.009076, -0.006882, -0.011232,-0.297093, 0.148138, 0.071027, -0.006188, -0.007616, -0.011134]
