%YAML:1.0
    oneVect: !!opencv-matrix
       rows: 1
       cols:6
       dt: f
       data: [0,0,0,0,0,0]

    someVects: !!opencv-matrix
       rows: 268
       cols: 6
       dt: f
       data: [0.097914, 0.153228, -0.012474, -0.017749, 0.014355, -0.003056,0.075077, 0.170608, -0.035174, -0.019033, 0.010093, -0.006298,0.082409, 0.165579, -0.040579, -0.017809, 0.014897, -0.003460,0.073816, 0.166787, -0.044772, -0.019351, 0.013401, -0.001990,0.079945, 0.166894, -0.040939, -0.018320, 0.013511, 0.004218,0.084543, 0.161948, -0.043360, -0.018931, 0.015366, 0.007201,0.037095, 0.166304, -0.023588, -0.046091, -0.015421, -0.022480,0.029123, 0.157950, -0.022304, -0.014208, 0.017285, 0.018674,0.018418, 0.151311, -0.018951, -0.010584, 0.016572, 0.019174,0.003231, 0.153145, -0.013769, -0.008213, 0.018410, 0.021092,-0.001686, 0.150080, -0.010793, -0.004234, 0.019874, 0.018922,-0.005121, 0.143604, -0.007956, 0.000466, 0.020254, 0.016499,-0.013689, 0.138515, -0.003267, 0.004197, 0.020432, 0.013391,-0.020793, 0.132375, -0.000117, 0.002171, 0.020300, 0.011552,-0.030762, 0.127385, 0.004837, -0.000899, 0.019382, 0.008759,-0.038954, 0.118722, 0.011242, -0.007182, 0.016428, 0.007771,-0.046678, 0.110196, 0.011981, -0.012184, 0.013306, 0.007937,-0.032691, 0.093430, 0.041553, -0.014312, -0.002475, 0.003180,-0.009104, 0.090329, 0.046283, -0.012173, -0.004189, -0.000047,0.073205, 0.082469, 0.055774, 0.003467, -0.019301, -0.011790,0.085124, 0.109415, 0.028501, 0.000425, -0.001749, -0.017474,0.104630, 0.103113, 0.000267, 0.000323, 0.001909, -0.016227,0.110166, 0.102398, -0.029197, -0.001167, 0.004013, -0.016378,0.123581, 0.108376, -0.049591, -0.005468, 0.006510, -0.016252,0.130087, 0.122250, -0.062399, -0.011177, 0.006453, -0.014053,0.129022, 0.138681, -0.075020, -0.018018, 0.007021, -0.000497,0.113424, 0.153257, -0.096565, -0.017116, 0.007057, 0.006244,0.094754, 0.161836, -0.103883, -0.012134, 0.010457, 0.011270,0.042793, 0.187096, -0.095886, -0.010291, 0.011087, 0.013188,-0.010713, 0.189996, -0.089973, -0.010411, 0.015747, 0.014117,-0.039854, 0.186741, -0.080073, -0.011994, 0.019850, 0.011662,-0.026115, 0.176162, -0.063156, -0.009745, 0.022973, 0.010134,-0.046198, 0.164092, -0.055947, -0.015183, 0.023008, 0.005725,-0.049832, 0.148440, -0.046565, -0.017104, 0.020237, 0.001821,-0.047192, 0.139318, -0.032258, -0.020298, 0.015398, -0.000267,-0.031314, 0.125438, -0.019289, -0.018357, 0.007003, 0.000528,-0.022977, 0.116060, -0.008608, -0.017339, 0.002203, 0.002932,-0.016410, 0.100842, 0.004498, -0.014145, -0.003999, 0.006373,-0.001052, 0.076403, 0.020518, -0.003184, -0.009670, 0.009514,0.010020, 0.068489, 0.028425, 0.002535, -0.007528, 0.008540,0.016974, 0.078436, 0.025361, 0.010784, -0.001451, 0.007152,0.092336, 0.030451, 0.049484, 0.010059, 0.000894, -0.005552,0.119995, 0.048687, 0.016028, 0.002238, 0.009079, -0.010655,0.141836, 0.080817, -0.030089, -0.007520, 0.006980, -0.010758,0.147457, 0.126444, -0.059646, -0.010067, 0.006661, -0.005569,0.165322, 0.136828, -0.099248, -0.008380, 0.001243, -0.003025,0.131962, 0.160228, -0.150383, -0.007813, 0.001261, -0.000074,0.095305, 0.177163, -0.203692, -0.005706, 0.001527, 0.001951,0.057546, 0.177933, -0.210289, -0.005623, 0.002859, 0.005325,0.019997, 0.177161, -0.210199, -0.006158, 0.005183, 0.007831,-0.068072, 0.241523, -0.111405, -0.006581, 0.004426, 0.009981,-0.054383, 0.227079, -0.061333, -0.012819, 0.008419, 0.010974,-0.029295, 0.209335, -0.023550, -0.026694, -0.008041, -0.044121,-0.014782, 0.178882, 0.030728, -0.029084, 0.009917, -0.004998,0.000270, 0.166586, 0.014927, -0.035501, 0.005222, -0.014684,0.011858, 0.152514, 0.005426, -0.042086, 0.006535, -0.024146,0.021699, 0.142093, -0.002095, -0.044258, -0.000684, -0.026353,0.017434, 0.147577, -0.011896, -0.040452, -0.005502, -0.030077,0.018738, 0.140281, -0.026045, -0.029423, -0.011316, -0.031178,0.024280, 0.133505, -0.028932, -0.021410, -0.010131, -0.033988,0.025308, 0.134425, -0.031016, -0.011431, -0.007912, -0.038579,0.025265, 0.137628, -0.028146, -0.001042, -0.001479, -0.033523,0.031281, 0.137678, -0.026534, 0.004075, 0.000382, -0.027759,0.047115, 0.144845, -0.027473, 0.007311, -0.000180, -0.018698,0.065113, 0.140921, -0.031974, 0.005049, -0.001782, -0.009479,0.078766, 0.142138, -0.037887, 0.002213, -0.000684, -0.009626,0.105289, 0.137755, -0.035135, -0.001078, -0.003907, -0.013937,0.134206, 0.111940, -0.023649, -0.021276, -0.001979, -0.009521,0.140233, 0.107128, -0.008337, -0.028253, 0.003965, 0.006024,0.124118, 0.100441, 0.003379, -0.024187, 0.012286, 0.022994,0.075661, 0.115544, 0.014926, -0.018464, 0.014348, 0.030013,-0.006363, 0.116032, 0.005804, 0.006888, 0.015103, 0.020896,-0.023000, 0.111386, 0.002681, 0.009515, 0.013391, 0.017375,-0.039392, 0.107270, 0.001089, 0.008015, 0.010995, 0.014108,-0.057652, 0.110439, -0.005480, 0.007491, 0.010679, 0.014122,0.000000, 0.000000, 0.000000, 0.000798, 0.000798, 0.000798,0.000000, 0.000000, 0.000000, 0.000798, 0.000798, 0.000798,0.143655, 0.084335, 0.041497, 0.009775, -0.001963, 0.000942,0.143640, 0.080663, 0.044833, 0.010069, -0.001845, -0.000659,0.138554, 0.078952, 0.046237, 0.009746, -0.001724, -0.000685,0.133986, 0.079241, 0.049142, 0.009380, -0.001417, -0.000457,0.133421, 0.081656, 0.054803, 0.008882, -0.001609, -0.001177,0.135493, 0.083448, 0.059755, 0.008804, -0.001436, -0.001562,0.134837, 0.083618, 0.062923, 0.007950, -0.001277, -0.001598,0.129093, 0.084900, 0.072622, 0.007883, -0.001396, -0.001871,0.127595, 0.085872, 0.072531, 0.009091, -0.001600, -0.002266,0.125168, 0.085321, 0.071056, 0.009398, -0.001869, -0.002773,0.124237, 0.085480, 0.071008, 0.009091, -0.001899, -0.002754,0.122057, 0.086310, 0.070333, 0.008678, -0.001971, -0.002793,0.119059, 0.084317, 0.073501, 0.007997, -0.001390, -0.002594,0.120808, 0.084344, 0.075708, 0.007800, -0.001315, -0.002576,0.121992, 0.083882, 0.078136, 0.007455, -0.001488, -0.002611,0.123176, 0.082329, 0.081066, 0.007284, -0.001235, -0.002771,0.125128, 0.083004, 0.080047, 0.007490, -0.000337, -0.002790,0.126603, 0.081459, 0.077783, 0.006601, -0.000347, -0.003637,0.119379, 0.083944, 0.090565, 0.006852, -0.000297, -0.003323,0.113216, 0.080650, 0.096850, 0.005658, -0.001418, -0.004635,0.111085, 0.070522, 0.096781, 0.005763, -0.000882, -0.004392,0.097327, 0.100618, 0.099489, 0.004400, -0.001841, -0.004035,0.093600, 0.109861, 0.102644, 0.005358, -0.001671, -0.002904,0.089482, 0.112956, 0.104163, 0.005302, -0.001693, -0.002915,0.087053, 0.115437, 0.108631, 0.005336, -0.001466, -0.002645,0.089419, 0.113681, 0.111162, 0.005218, -0.001522, -0.002719,0.090400, 0.112128, 0.110854, 0.004828, -0.001360, -0.002618,0.092059, 0.111849, 0.109799, 0.002941, -0.001288, -0.003537,0.091850, 0.110359, 0.110287, 0.003124, -0.001218, -0.003360,0.093214, 0.111210, 0.112569, 0.002716, -0.001090, -0.003443,0.096443, 0.116097, 0.122206, 0.002133, -0.000822, -0.003395,0.091625, 0.114835, 0.123183, 0.002074, -0.000942, -0.003149,0.088540, 0.112920, 0.128449, 0.002071, -0.000818, -0.003294,0.087252, 0.112242, 0.131110, 0.002110, -0.000920, -0.002923,0.087022, 0.110422, 0.137717, 0.001979, -0.000765, -0.003134,0.085803, 0.115572, 0.139142, 0.001579, -0.000994, -0.003261,0.088053, 0.112461, 0.139784, 0.001347, -0.000261, -0.003359,0.051024, 0.146932, 0.149382, 0.002167, -0.000767, -0.002916,0.053441, 0.146223, 0.144782, 0.001685, -0.000844, -0.003017,0.057184, 0.145438, 0.141540, 0.001568, -0.000889, -0.003289,0.056075, 0.146310, 0.139735, 0.001543, -0.000895, -0.003193,0.054750, 0.143444, 0.138709, 0.001574, -0.000768, -0.003096,0.055897, 0.143104, 0.140694, 0.001072, -0.000682, -0.003072,0.055018, 0.143971, 0.139644, 0.001088, -0.000700, -0.003064,0.055510, 0.144601, 0.136722, -0.000057, -0.000480, -0.003235,0.053155, 0.147389, 0.137659, -0.000102, -0.000636, -0.003079,0.050417, 0.144662, 0.140256, 0.000018, -0.000539, -0.003329,0.046779, 0.143032, 0.138460, -0.000337, -0.000102, -0.003263,0.040851, 0.144154, 0.141497, -0.001851, 0.000812, -0.003467,-0.049153, 0.162085, 0.114675, -0.002053, 0.002545, -0.003203,-0.046552, 