%YAML:1.0
    oneVect: !!opencv-matrix
       rows: 1
       cols:6
       dt: f
       data: [0,0,0,0,0,0]

    someVects: !!opencv-matrix
       rows: 256
       cols: 6
       dt: f
       data: [-0.100000, 0.020000, -0.100000, 0.035654, -0.000000, -0.035654,-0.100000, 0.050000, -0.100000, 0.035654, -0.000000, -0.035654,-0.100000, 0.080000, -0.100000, 0.035654, -0.000000, -0.035654,-0.100000, 0.110000, -0.100000, 0.035654, -0.000000, -0.035654,-0.070000, 0.020000, -0.100000, 0.040070, -0.000000, -0.036503,-0.070000, 0.050000, -0.100000, 0.040070, -0.000000, -0.036503,-0.070000, 0.080000, -0.100000, 0.040070, -0.000000, -0.036503,-0.070000, 0.110000, -0.100000, 0.040070, -0.000000, -0.036503,-0.040000, 0.020000, -0.100000, 0.043825, -0.000000, -0.034662,-0.040000, 0.050000, -0.100000, 0.043825, -0.000000, -0.034662,-0.040000, 0.080000, -0.100000, 0.043825, -0.000000, -0.034662,-0.040000, 0.110000, -0.100000, 0.043825, -0.000000, -0.034662,-0.010000, 0.020000, -0.100000, 0.045902, -0.000000, -0.022877,-0.010000, 0.050000, -0.100000, 0.045902, -0.000000, -0.022877,-0.010000, 0.080000, -0.100000, 0.045902, -0.000000, -0.022877,-0.010000, 0.110000, -0.100000, 0.045902, -0.000000, -0.022877,0.020000, 0.020000, -0.100000, 0.045463, 0.000000, 0.029369,0.020000, 0.050000, -0.100000, 0.045463, 0.000000, 0.029369,0.020000, 0.080000, -0.100000, 0.045463, 0.000000, 0.029369,0.020000, 0.110000, -0.100000, 0.045463, 0.000000, 0.029369,0.050000, 0.020000, -0.100000, 0.042705, 0.000000, 0.035773,0.050000, 0.050000, -0.100000, 0.042705, 0.000000, 0.035773,0.050000, 0.080000, -0.100000, 0.042705, 0.000000, 0.035773,0.050000, 0.110000, -0.100000, 0.042705, 0.000000, 0.035773,0.080000, 0.020000, -0.100000, 0.038631, 0.000000, 0.036400,0.080000, 0.050000, -0.100000, 0.038631, 0.000000, 0.036400,0.080000, 0.080000, -0.100000, 0.038631, 0.000000, 0.036400,0.080000, 0.110000, -0.100000, 0.038631, 0.000000, 0.036400,0.110000, 0.020000, -0.100000, 0.034157, 0.000000, 0.035110,0.110000, 0.050000, -0.100000, 0.034157, 0.000000, 0.035110,0.110000, 0.080000, -0.100000, 0.034157, 0.000000, 0.035110,0.110000, 0.110000, -0.100000, 0.034157, 0.000000, 0.035110,-0.100000, 0.020000, -0.070000, 0.036503, -0.000000, -0.040070,-0.100000, 0.050000, -0.070000, 0.036503, -0.000000, -0.040070,-0.100000, 0.080000, -0.070000, 0.036503, -0.000000, -0.040070,-0.100000, 0.110000, -0.070000, 0.036503, -0.000000, -0.040070,-0.070000, 0.020000, -0.070000, 0.042788, -0.000000, -0.042788,-0.070000, 0.050000, -0.070000, 0.042788, -0.000000, -0.042788,-0.070000, 0.080000, -0.070000, 0.042788, -0.000000, -0.042788,-0.070000, 0.110000, -0.070000, 0.042788, -0.000000, -0.042788,-0.040000, 0.020000, -0.070000, 0.048947, -0.000000, -0.043351,-0.040000, 0.050000, -0.070000, 0.048947, -0.000000, -0.043351,-0.040000, 0.080000, -0.070000, 0.048947, -0.000000, -0.043351,-0.040000, 0.110000, -0.070000, 0.048947, -0.000000, -0.043351,-0.010000, 0.020000, -0.070000, 0.052882, -0.000000, -0.033423,-0.010000, 0.050000, -0.070000, 0.052882, -0.000000, -0.033423,-0.010000, 0.080000, -0.070000, 0.052882, -0.000000, -0.033423,-0.010000, 0.110000, -0.070000, 0.052882, -0.000000, -0.033423,0.020000, 0.020000, -0.070000, 0.052008, 0.000000, 0.039480,0.020000, 0.050000, -0.070000, 0.052008, 0.000000, 0.039480,0.020000, 0.080000, -0.070000, 0.052008, 0.000000, 0.039480,0.020000, 0.110000, -0.070000, 0.052008, 0.000000, 0.039480,0.050000, 0.020000, -0.070000, 0.047002, 0.000000, 0.043637,0.050000, 0.050000, -0.070000, 0.047002, 0.000000, 0.043637,0.050000, 0.080000, -0.070000, 0.047002, 0.000000, 0.043637,0.050000, 0.110000, -0.070000, 0.047002, 0.000000, 0.043637,0.080000, 0.020000, -0.070000, 0.040652, 0.000000, 0.041987,0.080000, 0.050000, -0.070000, 0.040652, 0.000000, 0.041987,0.080000, 0.080000, -0.070000, 0.040652, 0.000000, 0.041987,0.080000, 0.110000, -0.070000, 0.040652, 0.000000, 0.041987,0.110000, 0.020000, -0.070000, 0.034526, 0.000000, 0.039045,0.110000, 0.050000, -0.070000, 0.034526, 0.000000, 0.039045,0.110000, 0.080000, -0.070000, 0.034526, 0.000000, 0.039045,0.110000, 0.110000, -0.070000, 0.034526, 0.000000, 0.039045,-0.100000, 0.020000, -0.040000, 0.034662, -0.000000, -0.043825,-0.100000, 0.050000, -0.040000, 0.034662, -0.000000, -0.043825,-0.100000, 0.080000, -0.040000, 0.034662, -0.000000, -0.043825,-0.100000, 0.110000, -0.040000, 0.034662, -0.000000, -0.043825,-0.070000, 0.020000, -0.040000, 0.043351, -0.000000, -0.048947,-0.070000, 0.050000, -0.040000, 0.043351, -0.000000, -0.048947,-0.070000, 0.080000, -0.040000, 0.043351, -0.000000, -0.048947,-0.070000, 0.110000, -0.040000, 0.043351, -0.000000, -0.048947,-0.040000, 0.020000, -0.040000, 0.053980, -0.000000, -0.053980,-0.040000, 0.050000, -0.040000, 0.053980, -0.000000, -0.053980,-0.040000, 0.080000, -0.040000, 0.053980, -0.000000, -0.053980,-0.040000, 0.110000, -0.040000, 0.053980, -0.000000, -0.053980,-0.010000, 0.020000, -0.040000, 0.063468, -0.000000, -0.049605,-0.010000, 0.050000, -0.040000, 0.063468, -0.000000, -0.049605,-0.010000, 0.080000, -0.040000, 0.063468, -0.000000, -0.049605,-0.010000, 0.110000, -0.040000, 0.063468, -0.000000, -0.049605,0.020000, 0.020000, -0.040000, 0.061030, 0.000000, 0.054099,0.020000, 0.050000, -0.040000, 0.061030, 0.000000, 0.054099,0.020000, 0.080000, -0.040000, 0.061030, 0.000000, 0.054099,0.020000, 0.110000, -0.040000, 0.061030, 0.000000, 0.054099,0.050000, 0.020000, -0.040000, 0.050263, 0.000000, 0.052494,0.050000, 0.050000, -0.040000, 0.050263, 0.000000, 0.052494,0.050000, 0.080000, -0.040000, 0.050263, 0.000000, 0.052494,0.050000, 0.110000, -0.040000, 0.050263, 0.000000, 0.052494,0.080000, 0.020000, -0.040000, 0.040236, 0.000000, 0.047167,0.080000, 0.050000, -0.040000, 0.040236, 0.000000, 0.047167,0.080000, 0.080000, -0.040000, 0.040236, 0.000000, 0.047167,0.080000, 0.110000, -0.040000, 0.040236, 0.000000, 0.047167,0.110000, 0.020000, -0.040000, 0.032167, 0.000000, 0.042283,0.110000, 0.050000, -0.040000, 0.032167, 0.000000, 0.042283,0.110000, 0.080000, -0.040000, 0.032167, 0.000000, 0.042283,0.110000, 0.110000, -0.040000, 0.032167, 0.000000, 0.042283,-0.100000, 0.020000, -0.010000, 0.022877, -0.000000, -0.045902,-0.100000, 0.050000, -0.010000, 0.022877, -0.000000, -0.045902,-0.100000, 0.080000, -0.010000, 0.022877, -0.000000, -0.045902,-0.100000, 0.110000, -0.010000, 0.022877, -0.000000, -0.045902,-0.070000, 0.020000, -0.010000, 0.033423, -0.000000, -0.052882,-0.070000, 0.050000, -0.010000, 0.033423, -0.000000, -0.052882,-0.070000, 0.080000, -0.010000, 0.033423, -0.000000, -0.052882,-0.070000, 0.110000, -0.010000, 0.033423, -0.000000, -0.052882,-0.040000, 0.020000, -0.010000, 0.049605, -0.000000, -0.063468,-0.040000, 0.050000, -0.010000, 0.049605, -0.000000, -0.063468,-0.040000, 0.080000, -0.010000, 0.049605, -0.000000, -0.063468,-0.040000, 0.110000, -0.010000, 0.049605, -0.000000, -0.063468,-0.010000, 0.020000, -0.010000, 0.081706, -0.000000, -0.081706,-0.010000, 0.050000, -0.010000, 0.081706, -0.000000, -0.081706,-0.010000, 0.080000, -0.010000, 0.081706, -0.000000, -0.081706,-0.010000, 0.110000, -0.010000, 0.081706, -0.000000, -0.081706,0.020000, 0.020000, -0.010000, 0.067962, 0.000000, 0.074893,0.020000, 0.050000, -0.010000, 0.067962, 0.000000, 0.074893,0.020000, 0.080000, -0.010000, 0.067962, 0.000000, 0.074893,0.020000, 0.110000, -0.010000, 0.067962, 0.000000, 0.074893,0.050000, 0.020000, -0.010000, 0.043232, 0.000000, 0.059326,0.050000, 0.050000, -0.010000, 0.043232, 0.000000, 0.059326,0.050000, 0.080000, -0.010000, 0.043232, 0.000000, 0.059326,0.050000, 0.110000, -0.010000, 0.043232, 0.000000, 0.059326,0.080000, 0.020000, -0.010000, 0.029488, 0.000000, 0.050282,0.080000, 0.050000, -0.010000, 0.029488, 0.000000, 0.050282,0.080000, 0.080000, -0.010000, 0.029488, 0.000000, 0.050282,0.080000, 0.110000, -0.010000, 0.029488, 0.000000, 0.050282,0.110000, 0.020000, -0.010000, 0.020043, 0.000000, 0.044022,0.110000, 0.050000, -0.010000, 0.020043, 0.000000, 0.044022,0.110000, 0.080000, -0.010000, 0.020043, 