%YAML:1.0
    oneVect: !!opencv-matrix
       rows: 1
       cols:6
       dt: f
       data: [0,0,0,0,0,0]

    someVects: !!opencv-matrix
       rows: 17
       cols: 6
       dt: f
       data: [0.057476, 0.055111, 0.009163, -0.216287, 0.129066, 0.180477,0.057176, 0.054260, 0.010184, -0.216297, 0.126693, 0.181465,0.056959, 0.052270, 0.009651, -0.218951, 0.123898, 0.178546,0.056469, 0.053620, 0.010931, -0.218301, 0.121557, 0.181015,0.058086, 0.051744, 0.011346, -0.212572, 0.130705, 0.182133,0.058453, 0.048528, 0.011003, -0.207993, 0.140616, 0.180026,0.057639, 0.048950, 0.011105, -0.218341, 0.129176, 0.177217,0.060774, 0.045775, 0.011234, -0.215388, 0.134010, 0.175634,0.057630, 0.052243, 0.011753, -0.216183, 0.127370, 0.181212,0.057706, 0.052409, 0.011568, -0.214925, 0.127344, 0.181076,0.057634, 0.052259, 0.011564, -0.206923, 0.130864, 0.175267,0.057618, 0.052221, 0.011566, -0.152612, 0.141454, 0.055798,0.057880, 0.051565, 0.011627, -0.084371, 0.096270, 0.009881,0.051613, 0.063241, 0.014064, -0.073742, 0.078269, -0.004913,0.038674, 0.057032, -0.000155, -0.052424, 0.039814, 0.013985,0.040524, 0.056187, -0.016098, -0.029600, 0.038218, 0.014290,0.019578, 0.047485, -0.070917, -0.016776, 0.028501, -0.030923]
