%YAML:1.0
    oneVect: !!opencv-matrix
       rows: 1
       cols:6
       dt: f
       data: [0,0,0,0,0,0]

    someVects: !!opencv-matrix
       rows: 1
       cols: 6
       dt: f
       data: [0.000000, 0.000000, 0.000000, 0.000000, 0.000000, 0.000000]
