%YAML:1.0
    oneVect: !!opencv-matrix
       rows: 1
       cols:6
       dt: f
       data: [0,0,0,0,0,0]

    someVects: !!opencv-matrix
       rows: 6
       cols: 6
       dt: f
       data: [-0.189565, 0.059344, -0.130085, -0.007444, -0.046253, -0.013249,-0.189292, 0.060494, -0.127332, -0.008343, -0.046067, -0.014671,-0.180425, 0.077875, -0.108215, -0.011596, -0.044003, -0.018552,-0.176408, 0.073892, -0.110468, -0.008073, -0.045293, -0.017166,-0.179925, 0.079432, -0.106633, -0.012368, -0.043430, -0.018951,-0.189933, 0.058751, -0.129835, -0.009345, -0.045768, -0.014958]
