%YAML:1.0
    oneVect: !!opencv-matrix
       rows: 1
       cols:6
       dt: f
       data: [0,0,0,0,0,0]

    someVects: !!opencv-matrix
       rows: 256
       cols: 6
       dt: f
       data: [-0.100000, 0.020000, -0.100000, -0.003536, -0.000000, 0.003536,-0.100000, 0.050000, -0.100000, -0.003536, -0.000000, 0.003536,-0.100000, 0.080000, -0.100000, -0.003536, -0.000000, 0.003536,-0.100000, 0.110000, -0.100000, -0.003536, -0.000000, 0.003536,-0.070000, 0.020000, -0.100000, -0.005498, -0.000000, 0.003849,-0.070000, 0.050000, -0.100000, -0.005498, -0.000000, 0.003849,-0.070000, 0.080000, -0.100000, -0.005498, -0.000000, 0.003849,-0.070000, 0.110000, -0.100000, -0.005498, -0.000000, 0.003849,-0.040000, 0.020000, -0.100000, -0.008004, -0.000000, 0.003202,-0.040000, 0.050000, -0.100000, -0.008004, -0.000000, 0.003202,-0.040000, 0.080000, -0.100000, -0.008004, -0.000000, 0.003202,-0.040000, 0.110000, -0.100000, -0.008004, -0.000000, 0.003202,-0.010000, 0.020000, -0.100000, -0.009852, -0.000000, 0.000985,-0.010000, 0.050000, -0.100000, -0.009852, -0.000000, 0.000985,-0.010000, 0.080000, -0.100000, -0.009852, -0.000000, 0.000985,-0.010000, 0.110000, -0.100000, -0.009852, -0.000000, 0.000985,0.020000, 0.020000, -0.100000, -0.009429, 0.000000, -0.001886,0.020000, 0.050000, -0.100000, -0.009429, 0.000000, -0.001886,0.020000, 0.080000, -0.100000, -0.009429, 0.000000, -0.001886,0.020000, 0.110000, -0.100000, -0.009429, 0.000000, -0.001886,0.050000, 0.020000, -0.100000, -0.007155, 0.000000, -0.003578,0.050000, 0.050000, -0.100000, -0.007155, 0.000000, -0.003578,0.050000, 0.080000, -0.100000, -0.007155, 0.000000, -0.003578,0.050000, 0.110000, -0.100000, -0.007155, 0.000000, -0.003578,0.080000, 0.020000, -0.100000, -0.004761, 0.000000, -0.003809,0.080000, 0.050000, -0.100000, -0.004761, 0.000000, -0.003809,0.080000, 0.080000, -0.100000, -0.004761, 0.000000, -0.003809,0.080000, 0.110000, -0.100000, -0.004761, 0.000000, -0.003809,0.110000, 0.020000, -0.100000, -0.003044, 0.000000, -0.003348,0.110000, 0.050000, -0.100000, -0.003044, 0.000000, -0.003348,0.110000, 0.080000, -0.100000, -0.003044, 0.000000, -0.003348,0.110000, 0.110000, -0.100000, -0.003044, 0.000000, -0.003348,-0.100000, 0.020000, -0.070000, -0.003849, -0.000000, 0.005498,-0.100000, 0.050000, -0.070000, -0.003849, -0.000000, 0.005498,-0.100000, 0.080000, -0.070000, -0.003849, -0.000000, 0.005498,-0.100000, 0.110000, -0.070000, -0.003849, -0.000000, 0.005498,-0.070000, 0.020000, -0.070000, -0.007215, -0.000000, 0.007215,-0.070000, 0.050000, -0.070000, -0.007215, -0.000000, 0.007215,-0.070000, 0.080000, -0.070000, -0.007215, -0.000000, 0.007215,-0.070000, 0.110000, -0.070000, -0.007215, -0.000000, 0.007215,-0.040000, 0.020000, -0.070000, -0.013358, -0.000000, 0.007633,-0.040000, 0.050000, -0.070000, -0.013358, -0.000000, 0.007633,-0.040000, 0.080000, -0.070000, -0.013358, -0.000000, 0.007633,-0.040000, 0.110000, -0.070000, -0.013358, -0.000000, 0.007633,-0.010000, 0.020000, -0.070000, -0.019799, -0.000000, 0.002828,-0.010000, 0.050000, -0.070000, -0.019799, -0.000000, 0.002828,-0.010000, 0.080000, -0.070000, -0.019799, -0.000000, 0.002828,-0.010000, 0.110000, -0.070000, -0.019799, -0.000000, 0.002828,0.020000, 0.020000, -0.070000, -0.018142, 0.000000, -0.005183,0.020000, 0.050000, -0.070000, -0.018142, 0.000000, -0.005183,0.020000, 0.080000, -0.070000, -0.018142, 0.000000, -0.005183,0.020000, 0.110000, -0.070000, -0.018142, 0.000000, -0.005183,0.050000, 0.020000, -0.070000, -0.010996, 0.000000, -0.007855,0.050000, 0.050000, -0.070000, -0.010996, 0.000000, -0.007855,0.050000, 0.080000, -0.070000, -0.010996, 0.000000, -0.007855,0.050000, 0.110000, -0.070000, -0.010996, 0.000000, -0.007855,0.080000, 0.020000, -0.070000, -0.005827, 0.000000, -0.006660,0.080000, 0.050000, -0.070000, -0.005827, 0.000000, -0.006660,0.080000, 0.080000, -0.070000, -0.005827, 0.000000, -0.006660,0.080000, 0.110000, -0.070000, -0.005827, 0.000000, -0.006660,0.110000, 0.020000, -0.070000, -0.003158, 0.000000, -0.004963,0.110000, 0.050000, -0.070000, -0.003158, 0.000000, -0.004963,0.110000, 0.080000, -0.070000, -0.003158, 0.000000, -0.004963,0.110000, 0.110000, -0.070000, -0.003158, 0.000000, -0.004963,-0.100000, 0.020000, -0.040000, -0.003202, -0.000000, 0.008004,-0.100000, 0.050000, -0.040000, -0.003202, -0.000000, 0.008004,-0.100000, 0.080000, -0.040000, -0.003202, -0.000000, 0.008004,-0.100000, 0.110000, -0.040000, -0.003202, -0.000000, 0.008004,-0.070000, 0.020000, -0.040000, -0.007633, -0.000000, 0.013358,-0.070000, 0.050000, -0.040000, -0.007633, -0.000000, 0.013358,-0.070000, 0.080000, -0.040000, -0.007633, -0.000000, 0.013358,-0.070000, 0.110000, -0.040000, -0.007633, -0.000000, 0.013358,-0.040000, 0.020000, -0.040000, -0.022097, -0.000000, 0.022097,-0.040000, 0.050000, -0.040000, -0.022097, -0.000000, 0.022097,-0.040000, 0.080000, -0.040000, -0.022097, -0.000000, 0.022097,-0.040000, 0.110000, -0.040000, -0.022097, -0.000000, 0.022097,-0.010000, 0.020000, -0.040000, -0.057067, -0.000000, 0.014267,-0.010000, 0.050000, -0.040000, -0.057067, -0.000000, 0.014267,-0.010000, 0.080000, -0.040000, -0.057067, -0.000000, 0.014267,-0.010000, 0.110000, -0.040000, -0.057067, -0.000000, 0.014267,0.020000, 0.020000, -0.040000, -0.044721, 0.000000, -0.022361,0.020000, 0.050000, -0.040000, -0.044721, 0.000000, -0.022361,0.020000, 0.080000, -0.040000, -0.044721, 0.000000, -0.022361,0.020000, 0.110000, -0.040000, -0.044721, 0.000000, -0.022361,0.050000, 0.020000, -0.040000, -0.015236, 0.000000, -0.019046,0.050000, 0.050000, -0.040000, -0.015236, 0.000000, -0.019046,0.050000, 0.080000, -0.040000, -0.015236, 0.000000, -0.019046,0.050000, 0.110000, -0.040000, -0.015236, 0.000000, -0.019046,0.080000, 0.020000, -0.040000, -0.005590, 0.000000, -0.011180,0.080000, 0.050000, -0.040000, -0.005590, 0.000000, -0.011180,0.080000, 0.080000, -0.040000, -0.005590, 0.000000, -0.011180,0.080000, 0.110000, -0.040000, -0.005590, 0.000000, -0.011180,0.110000, 0.020000, -0.040000, -0.002494, 0.000000, -0.006860,0.110000, 0.050000, -0.040000, -0.002494, 0.000000, -0.006860,0.110000, 0.080000, -0.040000, -0.002494, 0.000000, -0.006860,0.110000, 0.110000, -0.040000, -0.002494, 0.000000, -0.006860,-0.100000, 0.020000, -0.010000, -0.000985, -0.000000, 0.009852,-0.100000, 0.050000, -0.010000, -0.000985, -0.000000, 0.009852,-0.100000, 0.080000, -0.010000, -0.000985, -0.000000, 0.009852,-0.100000, 0.110000, -0.010000, -0.000985, -0.000000, 0.009852,-0.070000, 0.020000, -0.010000, -0.002828, -0.000000, 0.019799,-0.070000, 0.050000, -0.010000, -0.002828, -0.000000, 0.019799,-0.070000, 0.080000, -0.010000, -0.002828, -0.000000, 0.019799,-0.070000, 0.110000, -0.010000, -0.002828, -0.000000, 0.019799,-0.040000, 0.020000, -0.010000, -0.014267, -0.000000, 0.057067,-0.040000, 0.050000, -0.010000, -0.014267, -0.000000, 0.057067,-0.040000, 0.080000, -0.010000, -0.014267, -0.000000, 0.057067,-0.040000, 0.110000, -0.010000, -0.014267, -0.000000, 0.057067,-0.010000, 0.020000, -0.010000, -0.353553, -0.000000, 0.353553,-0.010000, 0.050000, -0.010000, -0.353553, -0.000000, 0.353553,-0.010000, 0.080000, -0.010000, -0.353553, -0.000000, 0.353553,-0.010000, 0.110000, -0.010000, -0.353553, -0.000000, 0.353553,0.020000, 0.020000, -0.010000, -0.089443, 0.000000, -0.178885,0.020000, 0.050000, -0.010000, -0.089443, 0.000000, -0.178885,0.020000, 0.080000, -0.010000, -0.089443, 0.000000, -0.178885,0.020000, 0.110000, -0.010000, -0.089443, 0.000000, -0.178885,0.050000, 0.020000, -0.010000, -0.007543, 0.000000, -0.037715,0.050000, 0.050000, -0.010000, -0.007543, 0.000000, -0.037715,0.050000, 0.080000, -0.010000, -0.007543, 0.000000, -0.037715,0.050000, 0.110000, -0.010000, -0.007543, 0.000000, -0.037715,0.080000, 0.020000, -0.010000, -0.001908, 0.000000, -0.015266,0.080000, 0.050000, -0.010000, -0.001908, 0.000000, -0.015266,0.080000, 0.080000, -0.010000, -0.001908, 0.000000, -0.015266,0.080000, 0.110000, -0.010000, -0.001908, 0.000000, -0.015266,0.110000, 0.020000, -0.010000, -0.000742, 