%YAML:1.0
    oneVect: !!opencv-matrix
       rows: 1
       cols:6
       dt: f
       data: [0,0,0,0,0,0]

    someVects: !!opencv-matrix
       rows: 39
       cols: 6
       dt: f
       data: [-0.161347, 0.026104, -0.231650, -0.005905, -0.001507, 0.013345,-0.161347, 0.026104, -0.172401, 0.019543, 0.006089, 0.008680,-0.161347, 0.045222, -0.231650, -0.014976, -0.013419, 0.020949,-0.161347, 0.045222, -0.172401, -0.005474, -0.013228, 0.026104,-0.161347, 0.045222, -0.113153, 0.020073, -0.011368, -0.001029,-0.161347, 0.064341, -0.172401, 0.011449, -0.016581, 0.008813,-0.161347, 0.064341, -0.113153, 0.028328, -0.017718, 0.001404,-0.112609, 0.026104, -0.231650, 0.002689, 0.001091, 0.003819,-0.112609, 0.026104, -0.172401, 0.027736, 0.005115, 0.004013,-0.112609, 0.045222, -0.231650, -0.015113, -0.000062, -0.002332,-0.112609, 0.045222, -0.172401, 0.002548, -0.008602, 0.012898,-0.112609, 0.045222, -0.113153, 0.017896, -0.006778, 0.001600,-0.112609, 0.064341, -0.231650, -0.027592, -0.013724, 0.009171,-0.112609, 0.064341, -0.172401, -0.024250, -0.026236, 0.023832,-0.112609, 0.064341, -0.113153, -0.022676, -0.035985, -0.004119,-0.112609, 0.064341, -0.053904, -0.033777, -0.010795, -0.029689,-0.112609, 0.083459, -0.172401, -0.046371, -0.042682, 0.027306,-0.112609, 0.083459, -0.113153, -0.042877, -0.047494, -0.009514,-0.063870, 0.026104, -0.231650, 0.018941, 0.000823, -0.007990,-0.063870, 0.026104, -0.172401, 0.035929, 0.004140, -0.000655,-0.063870, 0.045222, -0.231650, -0.000942, 0.000351, -0.014114,-0.063870, 0.045222, -0.172401, 0.011200, -0.007763, 0.007685,-0.063870, 0.045222, -0.113153, 0.017898, -0.001306, 0.003077,-0.063870, 0.064341, -0.231650, -0.017752, 0.016768, -0.025526,-0.063870, 0.064341, -0.172401, -0.017270, -0.013733, 0.011946,-0.063870, 0.064341, -0.113153, -0.021448, -0.030146, -0.000947,-0.063870, 0.064341, -0.053904, -0.021069, 0.014490, -0.007861,-0.063870, 0.083459, -0.231650, -0.025757, 0.034296, -0.009603,-0.063870, 0.083459, -0.172401, -0.039843, 0.032195, -0.017666,-0.063870, 0.083459, -0.113153, -0.047858, 0.025502, -0.001590,-0.063870, 0.083459, -0.053904, -0.046576, 0.024662, 0.001781,-0.015131, 0.045222, -0.231650, 0.018011, 0.002722, -0.023083,-0.015131, 0.045222, -0.172401, 0.016667, 0.018030, -0.014534,-0.015131, 0.045222, -0.113153, 0.020438, 0.017980, 0.012069,-0.015131, 0.064341, -0.231650, 0.015598, 0.004284, -0.021019,-0.015131, 0.064341, -0.172401, 0.002293, 0.028078, -0.026082,-0.015131, 0.064341, -0.113153, 0.002077, 0.031972, 0.005811,-0.015131, 0.083459, -0.172401, 0.019950, 0.027094, -0.022637,-0.015131, 0.083459, -0.113153, 0.015989, 0.020075, 0.002472]
