%YAML:1.0
    oneVect: !!opencv-matrix
       rows: 1
       cols:6
       dt: f
       data: [0,0,0,0,0,0]

    someVects: !!opencv-matrix
       rows: 85
       cols: 6
       dt: f
       data: [-0.001537, 0.003140, 0.231715, 0.011102, 0.018544, 0.003070,-0.002732, 0.004733, 0.231012, 0.005517, 0.010951, 0.001048,0.015037, 0.004802, 0.221448, 0.004417, 0.011822, 0.010671,0.031652, 0.019725, 0.147377, 0.018346, 0.013238, 0.025173,0.054397, 0.002911, 0.126952, 0.022748, 0.007780, 0.024241,0.034193, 0.018427, 0.104368, 0.028172, 0.010409, 0.022403,0.037596, 0.020395, 0.096389, 0.028241, 0.010819, 0.020295,0.039825, 0.025341, 0.086034, 0.028790, 0.011508, 0.019367,0.057094, 0.023790, 0.048386, 0.025580, 0.010401, 0.019770,0.058217, 0.028972, 0.023388, 0.025581, 0.010568, 0.018292,0.057070, 0.032635, -0.000466, 0.025476, 0.010480, 0.020127,0.061188, 0.033640, -0.016183, 0.025897, 0.012780, 0.016195,0.073646, 0.023260, -0.050406, 0.025386, 0.012068, 0.017092,0.059984, 0.030164, -0.056768, 0.023843, 0.012249, 0.015375,0.058705, 0.032647, -0.059113, 0.023209, 0.012440, 0.019316,0.056764, 0.026649, -0.081875, 0.021645, 0.012199, 0.016815,0.049153, 0.028473, -0.099379, 0.023650, 0.010544, 0.017478,0.050718, 0.025755, -0.123572, 0.023626, 0.012440, 0.017155,0.043566, 0.025029, -0.136657, 0.023938, 0.012478, 0.015269,0.033917, 0.027535, -0.142634, 0.020309, 0.010493, 0.014508,0.024681, 0.027404, -0.148263, 0.022513, 0.010615, 0.013053,0.011016, 0.027736, -0.155152, 0.022590, 0.008716, 0.012961,0.005774, 0.029342, -0.153475, 0.024055, 0.012712, 0.015555,0.000083, 0.030556, -0.145384, 0.024218, 0.010849, 0.015623,-0.002445, 0.031539, -0.144262, 0.022531, 0.008838, 0.015192,0.016698, 0.039909, -0.151251, 0.022356, 0.011232, 0.018350,0.017148, 0.058818, -0.151477, 0.019656, 0.014457, 0.018372,0.031561, 0.043595, -0.155718, 0.016804, 0.013918, 0.020068,0.044492, 0.032897, -0.164712, 0.014222, 0.015355, 0.021370,-0.071275, 0.030545, -0.118410, 0.018758, 0.014482, 0.021424,-0.067674, 0.026031, -0.118619, 0.010000, -0.004284, -0.001258,-0.072963, 0.031024, -0.118239, 0.010363, -0.003657, 0.002002,-0.076780, 0.032554, -0.119643, 0.010016, -0.003890, 0.000359,-0.228162, 0.060767, -0.051115, 0.027982, -0.001563, 0.037157,-0.249838, 0.015511, -0.046485, 0.006972, 0.003815, 0.009281,-0.227962, 0.035093, -0.056471, 0.012360, 0.002290, 0.013209,-0.235702, 0.015300, -0.061839, 0.027568, -0.005953, 0.029404,-0.264835, 0.011851, -0.057980, 0.013765, 0.003300, 0.012328,-0.241562, 0.019136, -0.044850, 0.012826, 0.001295, 0.015151,-0.227126, 0.029740, -0.055913, 0.013424, 0.003799, 0.013555,-0.229750, 0.028730, -0.055938, 0.011933, 0.001750, 0.013238,-0.224849, 0.031588, -0.055350, 0.013829, 0.001757, 0.011566,-0.224480, 0.029748, -0.052458, 0.013343, 0.003661, 0.011465,-0.225898, 0.029770, -0.049847, 0.013093, 0.003771, 0.011322,-0.225489, 0.030277, -0.050543, 0.011021, 0.003886, 0.013106,-0.226736, 0.028641, -0.051061, 0.011539, 0.001736, 0.011282,-0.225178, 0.029922, -0.048377, 0.011196, 0.003956, 0.015183,-0.231737, 0.027433, -0.045389, 0.011863, 0.003612, 0.012950,-0.228526, 0.031747, -0.033027, 0.013229, 0.002227, 0.015335,-0.227079, 0.032678, -0.016690, 0.011039, 0.004004, 0.015498,-0.225749, 0.034223, -0.009169, 0.014544, 0.004747, 0.019194,-0.226130, 0.033298, 0.004835, 0.014818, 0.004819, 0.019533,-0.226838, 0.032520, 0.017935, 0.018322, 0.006881, 0.019146,-0.249804, 0.016801, 0.059907, 0.017482, 0.010523, 0.016891,-0.227877, 0.033318, 0.063131, 0.019982, 0.010151, 0.014967,-0.231258, 0.031762, 0.088247, 0.019852, 0.011992, 0.014608,-0.228844, 0.033711, 0.103144, 0.019631, 0.011438, 0.012841,-0.245951, 0.018841, 0.130175, 0.020634, 0.012379, 0.012967,-0.225183, 0.034882, 0.133991, 0.023507, 0.014417, 0.010348,-0.217959, 0.038071, 0.144023, 0.019457, 0.012874, 0.012645,-0.198276, 0.140075, -0.051052, 0.008714, 0.000344, 0.017327,-0.202377, 0.130966, -0.039575, 0.008218, 0.000648, 0.017915,-0.202813, 0.117147, -0.025509, 0.008783, 0.002415, 0.017171,-0.228848, 0.097115, -0.020019, 0.010377, 0.003717, 0.016879,-0.200290, 0.103403, -0.015619, 0.006775, 0.003084, 0.015037,-0.201805, 0.099090, -0.009632, 0.006193, 0.002777, 0.015845,-0.203142, 0.107511, -0.015076, 0.005324, 0.005971, 0.014625,-0.242052, 0.094434, -0.011864, 0.008124, 0.004366, 0.015152,-0.205108, 0.106780, -0.012530, 0.008018, -0.001363, 0.016676,-0.211004, 0.092047, -0.010394, 0.013893, -0.006736, 0.026419,-0.207336, 0.088789, -0.007676, 0.012862, -0.004379, 0.023235,-0.206156, 0.094259, -0.005726, 0.008100, 0.000664, 0.018436,-0.204372, 0.091615, -0.004541, 0.005258, 0.003610, 0.014497,-0.208272, 0.083089, -0.005995, 0.002595, 0.006231, 0.012723,-0.209616, 0.071132, -0.005176, 0.005765, 0.002213, 0.014639,-0.197745, 0.075550, 0.003951, 0.003796, 0.002599, 0.016891,-0.196191, 0.079453, -0.002803, 0.000145, 0.002418, 0.013392,-0.178504, 0.065829, 0.004272, 0.002234, 0.000460, 0.016659,-0.174966, 0.064656, 0.005697, 0.003878, 0.000896, 0.019987,-0.175316, 0.060646, 0.029394, 0.004610, 0.005114, 0.023397,-0.177048, 0.059634, 0.051801, 0.017557, 0.000233, 0.033032,-0.178178, 0.061861, 0.078971, 0.016511, 0.016652, 0.021601,-0.177775, 0.059886, 0.086174, 0.018963, 0.018515, 0.023008,-0.174176, 0.059377, 0.095060, 0.021378, 0.021633, 0.020224,-0.176043, 0.057490, 0.103002, 0.024212, 0.018796, 0.016040]
