%YAML:1.0
aruco_bc_nmarkers: 15
aruco_bc_mInfoType: 0
aruco_bc_markers:
   - { id:159, corners:[ [ -170., -290., 0. ], [ -70., -290., 0. ], [
       -70., -190., 0. ], [ -170., -190., 0. ] ] }
   - { id:507, corners:[ [ -50., -290., 0. ], [ 50., -290., 0. ], [ 50.,
       -190., 0. ], [ -50., -190., 0. ] ] }
   - { id:360, corners:[ [ 70., -290., 0. ], [ 170., -290., 0. ], [ 170.,
       -190., 0. ], [ 70., -190., 0. ] ] }
   - { id:363, corners:[ [ -170., -170., 0. ], [ -70., -170., 0. ], [
       -70., -70., 0. ], [ -170., -70., 0. ] ] }
   - { id:703, corners:[ [ -50., -170., 0. ], [ 50., -170., 0. ], [ 50.,
       -70., 0. ], [ -50., -70., 0. ] ] }
   - { id:638, corners:[ [ 70., -170., 0. ], [ 170., -170., 0. ], [ 170.,
       -70., 0. ], [ 70., -70., 0. ] ] }
   - { id:7, corners:[ [ -170., -50., 0. ], [ -70., -50., 0. ], [ -70.,
       50., 0. ], [ -170., 50., 0. ] ] }
   - { id:808, corners:[ [ -50., -50., 0. ], [ 50., -50., 0. ], [ 50.,
       50., 0. ], [ -50., 50., 0. ] ] }
   - { id:32, corners:[ [ 70., -50., 0. ], [ 170., -50., 0. ], [ 170.,
       50., 0. ], [ 70., 50., 0. ] ] }
   - { id:922, corners:[ [ -170., 70., 0. ], [ -70., 70., 0. ], [ -70.,
       170., 0. ], [ -170., 170., 0. ] ] }
   - { id:944, corners:[ [ -50., 70., 0. ], [ 50., 70., 0. ], [ 50.,
       170., 0. ], [ -50., 170., 0. ] ] }
   - { id:148, corners:[ [ 70., 70., 0. ], [ 170., 70., 0. ], [ 170.,
       170., 0. ], [ 70., 170., 0. ] ] }
   - { id:237, corners:[ [ -170., 190., 0. ], [ -70., 190., 0. ], [ -70.,
       290., 0. ], [ -170., 290., 0. ] ] }
   - { id:710, corners:[ [ -50., 190., 0. ], [ 50., 190., 0. ], [ 50.,
       290., 0. ], [ -50., 290., 0. ] ] }
   - { id:348, corners:[ [ 70., 190., 0. ], [ 170., 190., 0. ], [ 170.,
       290., 0. ], [ 70., 290., 0. ] ] }
