%YAML:1.0
    oneVect: !!opencv-matrix
       rows: 1
       cols:6
       dt: f
       data: [0,0,0,0,0,0]

    someVects: !!opencv-matrix
       rows: 35
       cols: 6
       dt: f
       data: [-0.246774, 0.138222, -0.072301, 0.006531, -0.004608, -0.004719,-0.246774, 0.138222, -0.048859, 0.006937, -0.002087, -0.002950,-0.246774, 0.153707, -0.072301, 0.004656, -0.003828, -0.001452,-0.246774, 0.153707, -0.048859, 0.006122, -0.003400, -0.001629,-0.246774, 0.153707, -0.025417, 0.006165, -0.000364, 0.002044,-0.246774, 0.169192, -0.072301, 0.004425, -0.003381, 0.001628,-0.246774, 0.169192, -0.048859, 0.003836, -0.001806, 0.002974,-0.246774, 0.169192, -0.025417, 0.004128, -0.000174, 0.003002,-0.217988, 0.138222, -0.072301, 0.007347, -0.000943, -0.003318,-0.217988, 0.138222, -0.048859, 0.007491, 0.003312, -0.002402,-0.217988, 0.153707, -0.095744, 0.005026, 0.000398, 0.001642,-0.217988, 0.153707, -0.072301, 0.007383, 0.000756, -0.002570,-0.217988, 0.153707, -0.048859, 0.005817, 0.002350, 0.000376,-0.217988, 0.169192, -0.095744, 0.005746, 0.001086, 0.002384,-0.217988, 0.169192, -0.072301, 0.005600, 0.000136, 0.000525,-0.217988, 0.169192, -0.048859, 0.003875, 0.000916, 0.002708,-0.217988, 0.169192, -0.025417, 0.004531, 0.003048, 0.003724,-0.217988, 0.184677, -0.048859, 0.003614, 0.002145, 0.003040,-0.217988, 0.184677, -0.025417, 0.003751, 0.001742, 0.004025,-0.189203, 0.138222, -0.095744, 0.006750, 0.002572, -0.000055,-0.189203, 0.138222, -0.072301, 0.008021, 0.003773, -0.001817,-0.189203, 0.153707, -0.095744, 0.007341, 0.002923, 0.001304,-0.189203, 0.153707, -0.072301, 0.007938, 0.004596, -0.000180,-0.189203, 0.153707, -0.048859, 0.005938, 0.007153, 0.000541,-0.189203, 0.169192, -0.095744, 0.006087, 0.002886, 0.002299,-0.189203, 0.169192, -0.072301, 0.005521, 0.000550, 0.002278,-0.189203, 0.169192, -0.048859, 0.002319, 0.004875, 0.003150,-0.189203, 0.184677, -0.072301, 0.004049, 0.004492, 0.003312,-0.189203, 0.184677, -0.048859, 0.004502, 0.002114, 0.002681,-0.160417, 0.138222, -0.095744, 0.007596, 0.008473, 0.001880,-0.160417, 0.138222, -0.072301, -0.002877, 0.019000, 0.005592,-0.160417, 0.153707, -0.095744, 0.006485, 0.006175, 0.002338,-0.160417, 0.153707, -0.072301, -0.031312, 0.036973, 0.022531,-0.160417, 0.169192, -0.095744, 0.003671, 0.006200, 0.003086,-0.160417, 0.169192, -0.072301, -0.000054, 0.009000, 0.004926]
