%YAML:1.0
aruco_bc_nmarkers: 12
aruco_bc_mInfoType: 0
aruco_bc_markers:
   - { id:652, corners:[ [ -170., -230., 0. ], [ -70., -230., 0. ], [
       -70., -130., 0. ], [ -170., -130., 0. ] ] }
   - { id:793, corners:[ [ -50., -230., 0. ], [ 50., -230., 0. ], [ 50.,
       -130., 0. ], [ -50., -130., 0. ] ] }
   - { id:373, corners:[ [ 70., -230., 0. ], [ 170., -230., 0. ], [ 170.,
       -130., 0. ], [ 70., -130., 0. ] ] }
   - { id:809, corners:[ [ -170., -110., 0. ], [ -70., -110., 0. ], [
       -70., -10., 0. ], [ -170., -10., 0. ] ] }
   - { id:176, corners:[ [ -50., -110., 0. ], [ 50., -110., 0. ], [ 50.,
       -10., 0. ], [ -50., -10., 0. ] ] }
   - { id:928, corners:[ [ 70., -110., 0. ], [ 170., -110., 0. ], [ 170.,
       -10., 0. ], [ 70., -10., 0. ] ] }
   - { id:156, corners:[ [ -170., 10., 0. ], [ -70., 10., 0. ], [ -70.,
       110., 0. ], [ -170., 110., 0. ] ] }
   - { id:121, corners:[ [ -50., 10., 0. ], [ 50., 10., 0. ], [ 50.,
       110., 0. ], [ -50., 110., 0. ] ] }
   - { id:414, corners:[ [ 70., 10., 0. ], [ 170., 10., 0. ], [ 170.,
       110., 0. ], [ 70., 110., 0. ] ] }
   - { id:1019, corners:[ [ -170., 130., 0. ], [ -70., 130., 0. ], [
       -70., 230., 0. ], [ -170., 230., 0. ] ] }
   - { id:190, corners:[ [ -50., 130., 0. ], [ 50., 130., 0. ], [ 50.,
       230., 0. ], [ -50., 230., 0. ] ] }
   - { id:976, corners:[ [ 70., 130., 0. ], [ 170., 130., 0. ], [ 170.,
       230., 0. ], [ 70., 230., 0. ] ] }
