%YAML:1.0
aruco_bc_nmarkers: 2
aruco_bc_mInfoType: 0
aruco_bc_markers:
   - { id:584, corners:[ [ -50., -110., 0. ], [ 50., -110., 0. ], [ 50.,
       -10., 0. ], [ -50., -10., 0. ] ] }
   - { id:1018, corners:[ [ -50., 10., 0. ], [ 50., 10., 0. ], [ 50.,
       110., 0. ], [ -50., 110., 0. ] ] }
